0.0000000000000000e+00 -6.8548763725459233e-16 -1.8123297448644461e-15 -1.8123297448644461e-15 -2.7419505490183693e-15 0.0000000000000000e+00 -2.2609603409782757e-24 -2.2609603409782757e-24 9.4436453266470655e-25
1.0000000000000020e-03 -3.8987952881276496e-12 -1.4850996794778822e-11 -1.4850996794778822e-11 -8.9652994412304588e-12 -1.4909627544199354e-21 -1.3200075836817618e-20 -1.3200075836817618e-20 6.8665020896921672e-21
2.0000000000000044e-03 -5.3145949566507118e-12 -1.4934263432860130e-11 -1.4934263432860130e-11 -7.6528924729469449e-12 -3.1926564489551364e-21 -6.1313973637325369e-20 -6.1313973637325369e-20 7.1511328705201319e-20
3.0000000000000070e-03 -9.4771804991644168e-12 -1.3359720447624350e-11 -1.3359720447624350e-11 -1.1459107858096388e-11 -5.5783680999944476e-22 -1.3545273816072481e-19 -1.3545273816072481e-19 1.5919600293976914e-19
4.0000000000000053e-03 -1.1023640187252196e-11 -1.3099001184500694e-11 -1.3099001184500694e-11 -1.1863764997960764e-11 1.3466386994876640e-20 -2.3154862602672517e-19 -2.3154862602672517e-19 2.8730841272300200e-19
4.9999999999999645e-03 -1.0986087446620010e-11 -1.0910609595199264e-11 -1.0910609595199264e-11 -1.1107674864457889e-11 2.2143900074989842e-20 -3.3765273756012714e-19 -3.3765273756012714e-19 4.6789936638156572e-19
5.9999999999999238e-03 -1.2743573390829901e-11 -1.1194150756791139e-11 -1.1194150756791139e-11 -1.4141006530691506e-11 2.0637760194622355e-20 -4.3231219871974209e-19 -4.3231219871974209e-19 7.3869050566284521e-19
6.9999999999998831e-03 -5.6196420627213811e-12 -5.0878239741978371e-12 -5.0878239741978371e-12 -5.2291127757292083e-12 2.6223057008743691e-20 -5.2438644473825800e-19 -5.2438644473825800e-19 1.2167117847938362e-18
7.9999999999998423e-03 -6.7556805722938993e-12 -7.2278102167542903e-12 -7.2278102167542903e-12 -6.7605315297679960e-12 9.2395005970337552e-21 -5.8241173092912441e-19 -5.8241173092912441e-19 1.8258925865032084e-18
8.9999999999998016e-03 -1.2416663664643668e-11 -1.1970362957006416e-11 -1.1970362957006416e-11 -1.5129976885886764e-11 2.1886376545468210e-21 -6.4690446660267217e-19 -6.4690446660267217e-19 2.5791378106727764e-18
9.9999999999997608e-03 -1.3969530757033414e-11 -1.1182498783844730e-11 -1.1182498783844730e-11 -1.4118684346161677e-11 1.9849114945005592e-20 -7.0748143954714220e-19 -7.0748143954714220e-19 3.2740506992080982e-18
1.0999999999999720e-02 -4.9619125451087345e-12 -5.7190042313417395e-12 -5.7190042313417395e-12 -4.8499324299357159e-12 2.4003033151485428e-20 -7.4828548712914475e-19 -7.4828548712914475e-19 4.1908509268845778e-18
1.1999999999999679e-02 -1.3471642970775382e-11 -1.0074401155316996e-11 -1.0074401155316996e-11 -1.8075661439426572e-11 1.5234544882586118e-20 -7.9249354836792539e-19 -7.9249354836792539e-19 5.0038207970954411e-18
1.2999999999999639e-02 -9.1921801253487651e-12 -8.3886390237776467e-12 -8.3886390237776467e-12 -1.0357619243841557e-11 3.6137418264771830e-20 -8.0576373120824273e-19 -8.0576373120824273e-19 6.0351539964564894e-18
1.3999999999999598e-02 -2.0412290486993651e-12 -5.0202197745266371e-12 -5.0202197745266371e-12 -3.4638663601566395e-12 4.1290518250005772e-20 -7.8076920065634710e-19 -7.8076920065634710e-19 7.1942285875233538e-18
1.4999999999999557e-02 -1.5660306476604382e-11 -1.3514755386192502e-11 -1.3514755386192502e-11 -1.8094662985864995e-11 2.7843000116403347e-20 -7.6148155458657736e-19 -7.6148155458657736e-19 8.0822138131254268e-18
1.5999999999999518e-02 -1.1049102718866233e-11 -6.9897154707593613e-12 -6.9897154707593613e-12 -1.3256824656590025e-11 3.7492514200951215e-20 -7.7864808898426450e-19 -7.7864808898426450e-19 9.3202177576606029e-18
1.6999999999999477e-02 -9.6495192985121499e-12 -6.2232860015472082e-12 -6.2232860015472082e-12 -8.7707840287765095e-12 6.5658303162765509e-20 -7.8275619877844788e-19 -7.8275619877844788e-19 1.0806139422597248e-17
1.7999999999999437e-02 -1.6685825771811216e-11 -1.1208678045949856e-11 -1.1208678045949856e-11 -2.5977252846653485e-11 7.8516694166925830e-20 -7.4366209895871500e-19 -7.4366209895871500e-19 1.1984776945441739e-17
1.8999999999999396e-02 -1.8575216567428368e-11 3.3547055881724443e-12 3.3547055881724443e-12 -3.5249472392852016e-11 9.3466116504600752e-20 -7.1231482130241211e-19 -7.1231482130241211e-19 1.2988563927497288e-17
1.9999999999999355e-02 -1.0844947721078520e-11 -5.8395150059440679e-12 -5.8395150059440679e-12 -1.2472273941816968e-11 1.4080389997867275e-19 -6.6673386082829007e-19 -6.6673386082829007e-19 1.4008857464112457e-17
2.0999999999999314e-02 -1.0136902633835547e-11 -6.0661569385591150e-12 -6.0661569385591150e-12 -1.8546992301969135e-11 2.0000079072415510e-19 -5.9359962444077500e-19 -5.9359962444077500e-19 1.6015531455717097e-17
2.1999999999999274e-02 -1.9924224383625042e-11 -8.6078010207306053e-12 -8.6078010207306053e-12 -3.5206616924507871e-11 2.6659156079137251e-19 -4.7170452472298742e-19 -4.7170452472298742e-19 1.7938853876007968e-17
2.2999999999999233e-02 -1.5214324101044173e-11 -9.0293984857374597e-12 -9.0293984857374597e-12 -1.8905831102131182e-11 3.3578418800019178e-19 -3.2289495310619442e-19 -3.2289495310619442e-19 1.9801228746439945e-17
2.3999999999999192e-02 -4.5568036768947313e-12 -4.2007533435817135e-12 -4.2007533435817135e-12 -5.6203192873783160e-12 3.9302092905588138e-19 -1.6995609587153670e-19 -1.6995609587153670e-19 2.1671512787016910e-17
2.4999999999999151e-02 -4.1421939580066136e-12 2.1873279562960688e-12 2.1873279562960688e-12 -6.5768136454071481e-12 4.6372836706437197e-19 2.0993364871157739e-20 2.0993364871157739e-20 2.3846319289347580e-17
2.5999999999999111e-02 -9.8384254779037625e-12 -7.7959169416668686e-13 -7.7959169416668686e-13 -2.6788531277529584e-11 5.5965331789314490e-19 2.1326984389788392e-19 2.1326984389788392e-19 2.5902576472102122e-17
2.6999999999999070e-02 -1.9480199439015891e-12 5.6468863150286706e-13 5.6468863150286706e-13 -6.7956357910464923e-12 6.2018073757729121e-19 4.0073941094894193e-19 4.0073941094894193e-19 2.7838664384768902e-17
2.7999999999999029e-02 -1.6482689841575906e-11 -2.9555558885329127e-12 -2.9555558885329127e-12 -1.9631820830909635e-11 6.3993305022146061e-19 5.1206777464973209e-19 5.1206777464973209e-19 3.0382696078111672e-17
2.8999999999998988e-02 -3.1085702413516778e-12 4.4902050978636438e-12 4.4902050978636438e-12 -1.9450089553730036e-12 7.1320648467357044e-19 6.5199055892824877e-19 6.5199055892824877e-19 3.3460100889036527e-17
2.9999999999998948e-02 -8.2635346698339581e-12 -7.1295360671662477e-14 -7.1295360671662477e-14 -1.9592383781476431e-11 7.7938670826282915e-19 9.1896122668701662e-19 9.1896122668701662e-19 3.7092502862826079e-17
3.0999999999998907e-02 -1.8352301483816583e-11 4.5974174381052140e-12 4.5974174381052140e-12 -4.5592946485270200e-11 8.6888875388988464e-19 1.2058865789615172e-18 1.2058865789615172e-18 3.9466227994211532e-17
3.1999999999999126e-02 -5.0171757714289819e-11 2.7521011441484359e-11 2.7521011441484359e-11 -7.4669929335564637e-11 1.0005388812117711e-18 1.5563464608879839e-18 1.5563464608879839e-18 4.1399968919753633e-17
3.2999999999999433e-02 -7.3716945817390625e-11 2.1698270412483483e-11 2.1698270412483483e-11 -1.3245886648042457e-10 1.1477764041580961e-18 1.8409071795180660e-18 1.8409071795180660e-18 4.2760070898983543e-17
3.3999999999999739e-02 -3.0718022111221885e-11 4.3539222122810598e-12 4.3539222122810598e-12 -5.1069039427124880e-11 1.3381629631088684e-18 2.0955535178942837e-18 2.0955535178942837e-18 4.4625223331621722e-17
3.5000000000000045e-02 -8.0306154078003844e-12 5.1650884940951988e-12 5.1650884940951988e-12 -2.5322027198694186e-11 1.6232784016225865e-18 2.3920785769043331e-18 2.3920785769043331e-18 4.6326181956738608e-17
3.6000000000000351e-02 -3.5817434943761271e-12 4.2649309439461622e-12 4.2649309439461622e-12 -1.2818181446267268e-11 1.8714127876264521e-18 2.8317663212161467e-18 2.8317663212161467e-18 4.8379541580952750e-17
3.7000000000000657e-02 -1.4630383012156237e-11 4.2807803482769400e-12 4.2807803482769400e-12 -2.4182052249175832e-11 2.0162024525563329e-18 3.3563197082349473e-18 3.3563197082349473e-18 5.1488261905798385e-17
3.8000000000000964e-02 -1.6294955479177775e-12 3.6246434013980779e-12 3.6246434013980779e-12 -4.4527430982213242e-12 2.1295948053393683e-18 3.8078376793767455e-18 3.8078376793767455e-18 5.5154047565621596e-17
3.9000000000001270e-02 -2.1757357132178137e-11 6.9544947541316307e-12 6.9544947541316307e-12 -4.7878246080109899e-11 2.2672978468579780e-18 4.3337039674637908e-18 4.3337039674637908e-18 5.8359061419354259e-17
4.0000000000001576e-02 -1.7915187357847466e-11 8.6553977120775768e-12 8.6553977120775768e-12 -2.8261257980619456e-11 2.4574277165728346e-18 4.9057053167446192e-18 4.9057053167446192e-18 6.1428062957581564e-17
4.1000000000001882e-02 -2.4577692694982797e-11 2.1841795887847736e-11 2.1841795887847736e-11 -3.4308091315818797e-11 2.6179427684219456e-18 5.3938362870314853e-18 5.3938362870314853e-18 6.3896969887110766e-17
4.2000000000002188e-02 -6.7745883761976131e-13 8.3736604546795834e-13 8.3736604546795834e-13 -1.0863032650859096e-11 2.8410935185985525e-18 5.8242843136103332e-18 5.8242843136103332e-18 6.6071179937074418e-17
4.3000000000002495e-02 -4.3268517549873236e-12 5.0154230193705587e-12 5.0154230193705587e-12 -2.0107086648513597e-11 3.1523410043557404e-18 6.2741435118970917e-18 6.2741435118970917e-18 6.8619598555223172e-17
4.4000000000002801e-02 -7.5288660520058744e-12 6.0256712033871111e-12 6.0256712033871111e-12 -2.4737761699329121e-11 3.4426582571429095e-18 6.7897042324592094e-18 6.7897042324592094e-18 7.0971816108356256e-17
4.5000000000003107e-02 -8.5016377447320938e-12 1.1560523280713161e-11 1.1560523280713161e-11 -2.8200217664073475e-11 3.7419240819329948e-18 7.3674371713497932e-18 7.3674371713497932e-18 7.3942755936419146e-17
4.6000000000003413e-02 -7.8494859500100340e-12 4.6785309366547515e-12 4.6785309366547515e-12 -1.8557786974845490e-11 4.0446836634694286e-18 8.1038758501242564e-18 8.1038758501242564e-18 7.6882164963020490e-17
4.7000000000003719e-02 -1.9830172942166809e-11 1.5022244211246813e-11 1.5022244211246813e-11 -3.0179787959245296e-11 4.2936669769844681e-18 8.9378221383434772e-18 8.9378221383434772e-18 8.1139853717081056e-17
4.8000000000004026e-02 -1.9667520276838667e-11 1.5536238293970524e-11 1.5536238293970524e-11 -2.6071671547500151e-11 4.5467918977621040e-18 9.6794983041751302e-18 9.6794983041751302e-18 8.5208047083625054e-17
4.9000000000004332e-02 -1.6987867788207297e-13 4.5536493900796566e-12 4.5536493900796566e-12 -3.4267560742503773e-12 4.8613451539113117e-18 1.0578595543253995e-17 1.0578595543253995e-17 8.9419921943151008e-17
5.0000000000004638e-02 -1.4994966504671831e-11 1.0007013111822591e-11 1.0007013111822591e-11 -2.0531042735822766e-11 5.1380759796889477e-18 1.1579520259808615e-17 1.1579520259808615e-17 9.2820085129323164e-17
5.1000000000004944e-02 -3.1349756300004683e-12 3.3239851202542922e-12 3.3239851202542922e-12 -3.6655802622992419e-12 5.3770998390038273e-18 1.2600110257955321e-17 1.2600110257955321e-17 9.6787975677696474e-17
5.2000000000005250e-02 -2.0883495739140236e-12 6.2715676790318754e-12 6.2715676790318754e-12 -4.9118198660780181e-12 5.6769937369939250e-18 1.3655654482392055e-17 1.3655654482392055e-17 1.0041481546846572e-16
5.3000000000005557e-02 -2.2331606263541037e-10 1.2292790045619004e-10 1.2292790045619004e-10 -3.6092404236528877e-10 6.0678341784708055e-18 1.4809087481099809e-17 1.4809087481099809e-17 1.0272795303899486e-16
5.4000000000005863e-02 -6.0850627926610419e-11 3.8107649365554362e-11 3.8107649365554362e-11 -7.7827290010243615e-11 6.6549328235128235e-18 1.5958327666718659e-17 1.5958327666718659e-17 1.0632300438911444e-16
5.5000000000006169e-02 -3.4303957633523224e-11 2.1212997855978807e-11 2.1212997855978807e-11 -4.3224758549073256e-11 7.2861761200664216e-18 1.7168977741013443e-17 1.7168977741013443e-17 1.1004298604034615e-16
5.6000000000006475e-02 -1.2491239840771119e-11 8.9002736303195517e-12 8.9002736303195517e-12 -1.4499826717860098e-11 7.8865142935258133e-18 1.8494711358408509e-17 1.8494711358408509e-17 1.1432548933045731e-16
5.7000000000006781e-02 -6.6757619584171104e-11 4.7267331179924636e-11 4.7267331179924636e-11 -9.2113769888512582e-11 8.3214317794647905e-18 1.9780450903477387e-17 1.9780450903477387e-17 1.1717725162284154e-16
5.8000000000007088e-02 -2.8213213924588958e-11 1.8746001077466361e-11 1.8746001077466361e-11 -5.1850282790387672e-11 8.8433636515370002e-18 2.1055235489095110e-17 2.1055235489095110e-17 1.2029853979904204e-16
5.9000000000007394e-02 -3.4977570857492302e-11 2.6506056944153191e-11 2.6506056944153191e-11 -7.5682013635034049e-11 9.3909346291859395e-18 2.2304820844532016e-17 2.2304820844532016e-17 1.2364881627392488e-16
6.0000000000007700e-02 -1.0031573845478891e-10 6.4515962260215675e-11 6.4515962260215675e-11 -1.5440712318396353e-10 1.0031808506084166e-17 2.3552726251290201e-17 2.3552726251290201e-17 1.2618098244739819e-16
6.1000000000008006e-02 -2.0377106623492416e-11 1.2693707010971353e-11 1.2693707010971353e-11 -3.2295490357451667e-11 1.0860645094462658e-17 2.4762458706558794e-17 2.4762458706558794e-17 1.2989289610980729e-16
6.2000000000008312e-02 -8.0670343512780263e-12 4.9446153395830566e-12 4.9446153395830566e-12 -1.9658649055612502e-11 1.1613552996585648e-17 2.6064856566257005e-17 2.6064856566257005e-17 1.3571682289872395e-16
6.3000000000008272e-02 -6.4491025047405615e-12 3.2192703219480215e-12 3.2192703219480215e-12 -1.8241296432240387e-11 1.2224330893895072e-17 2.7254980208796659e-17 2.7254980208796659e-17 1.4148921126210414e-16
6.4000000000007884e-02 -3.5775297170088329e-12 6.1235892025486425e-12 6.1235892025486425e-12 -5.1500356373794720e-12 1.2772610613636504e-17 2.8526715475804270e-17 2.8526715475804270e-17 1.4725364810369197e-16
6.5000000000007496e-02 -1.0870778365531947e-11 7.0956798539354279e-12 7.0956798539354279e-12 -2.4758260083085014e-11 1.3354651627745123e-17 2.9962746900147631e-17 2.9962746900147631e-17 1.5190949528252127e-16
6.6000000000007109e-02 -3.2477525096025103e-11 2.0518419783369385e-11 2.0518419783369385e-11 -6.1891790669059033e-11 1.3882546597736174e-17 3.1499659948508984e-17 3.1499659948508984e-17 1.5624982974710624e-16
6.7000000000006721e-02 -1.9599130207132267e-10 9.7698632581342529e-11 9.7698632581342529e-11 -3.0419078113280330e-10 1.4429822463669577e-17 3.3033693084849671e-17 3.3033693084849671e-17 1.5941977996612651e-16
6.8000000000006333e-02 -3.5349775740903353e-11 2.9591612096736367e-11 2.9591612096736367e-11 -7.9289990804371765e-11 1.5324006053636329e-17 3.4701670364582843e-17 3.4701670364582843e-17 1.6272176850440794e-16
6.9000000000005945e-02 -5.3913611212987467e-11 2.3851355451609273e-11 2.3851355451609273e-11 -1.0084525815835201e-10 1.6239169999566427e-17 3.6096310112237049e-17 3.6096310112237049e-17 1.6567868111393390e-16
7.0000000000005558e-02 -6.1923809885617898e-12 -4.6438827587661982e-13 -4.6438827587661982e-13 -1.8660219639768447e-11 1.7157125880652647e-17 3.7425671854089524e-17 3.7425671854089524e-17 1.7048787257878876e-16
7.1000000000005170e-02 -2.9455731080048337e-12 1.2521016300642969e-11 1.2521016300642969e-11 -1.3247183012834286e-11 1.8004205933524068e-17 3.8828499586900519e-17 3.8828499586900519e-17 1.7468467620755399e-16
7.2000000000004782e-02 -1.7095637185297639e+00 8.3415896545445539e-02 8.3415896545445539e-02 -4.1993895795858549e+00 1.7888652537092249e-10 6.7179141551234449e-11 6.7179141551234449e-11 -4.3286393708716183e-09
7.3000000000004395e-02 -1.4968564176559109e+01 2.8303957020538868e+00 2.8303957020538868e+00 -3.5444471726949125e+01 1.2898276915950449e-08 3.6583033255293024e-09 3.6583033255293024e-09 -4.1543249672306912e-08
7.4000000000004007e-02 -2.0630300923221331e+01 5.4266102271357282e+00 5.4266102271357282e+00 -4.6149234563390472e+01 7.1003678699215443e-08 1.6321099963372369e-08 1.6321099963372369e-08 -7.2230851291791821e-08
7.5000000000003619e-02 -1.0838384021247774e-01 -2.6640837313037478e-04 -2.6640837313037478e-04 -4.6248471796550110e-02 1.4197858752813059e-07 2.9804968539164599e-08 2.9804968539164599e-08 6.0362519928689171e-08
7.6000000000003232e-02 0.0000000000000000e+00 0.0000000000000000e+00 0.0000000000000000e+00 0.0000000000000000e+00 1.8424086036143995e-07 3.6643711646808524e-08 3.6643711646808524e-08 1.4752139777319221e-07
7.7000000000002844e-02 -1.2392448999770899e+01 8.7416498571949197e-01 8.7416498571949197e-01 -3.0364672892736067e+01 2.1190853634935501e-07 3.9213672867338336e-08 3.9213672867338336e-08 1.3398249370785916e-07
7.8000000000002456e-02 -2.9081975748226757e+01 5.8751549624625623e+00 5.8751549624625623e+00 -6.8646270823245970e+01 2.5761531883149710e-07 4.7513670847854197e-08 4.7513670847854197e-08 8.9030760439219380e-08
7.9000000000002069e-02 0.0000000000000000e+00 0.0000000000000000e+00 0.0000000000000000e+00 0.0000000000000000e+00 3.2149500500960795e-07 6.4127790574288070e-08 6.4127790574288070e-08 2.3943852625732621e-07
8.0000000000001681e-02 0.0000000000000000e+00 0.0000000000000000e+00 0.0000000000000000e+00 0.0000000000000000e+00 3.5822725482771842e-07 7.3673259218726539e-08 7.3673259218726539e-08 3.5833764388080954e-07
8.1000000000001293e-02 0.0000000000000000e+00 0.0000000000000000e+00 0.0000000000000000e+00 0.0000000000000000e+00 3.7930574067592015e-07 7.8966190428138595e-08 7.8966190428138595e-08 4.3978651855382007e-07
8.2000000000000905e-02 0.0000000000000000e+00 0.0000000000000000e+00 0.0000000000000000e+00 0.0000000000000000e+00 3.9233324314924417e-07 8.2046361372904354e-08 8.2046361372904354e-08 5.0100361607203257e-07
8.3000000000000518e-02 0.0000000000000000e+00 0.0000000000000000e+00 0.0000000000000000e+00 0.0000000000000000e+00 4.0100648396499691e-07 8.3925508225478644e-08 8.3925508225478644e-08 5.5056585812466366e-07
8.4000000000000130e-02 0.0000000000000000e+00 0.0000000000000000e+00 0.0000000000000000e+00 0.0000000000000000e+00 4.0719111480563363e-07 8.5123472130974196e-08 8.5123472130974196e-08 5.9292497434921436e-07
8.4999999999999742e-02 0.0000000000000000e+00 0.0000000000000000e+00 0.0000000000000000e+00 0.0000000000000000e+00 4.1186955414998060e-07 8.5917733460764324e-08 8.5917733460764324e-08 6.3050071013021286e-07
8.5999999999999355e-02 0.0000000000000000e+00 0.0000000000000000e+00 0.0000000000000000e+00 0.0000000000000000e+00 4.1558399788531049e-07 8.6462441895702185e-08 8.6462441895702185e-08 6.6467583779636522e-07
8.6999999999998967e-02 0.0000000000000000e+00 0.0000000000000000e+00 0.0000000000000000e+00 0.0000000000000000e+00 4.1864899926764296e-07 8.6846768013361735e-08 8.6846768013361735e-08 6.9628284550938765e-07
8.7999999999998579e-02 0.0000000000000000e+00 0.0000000000000000e+00 0.0000000000000000e+00 0.0000000000000000e+00 4.2125655889374862e-07 8.7124376305985418e-08 8.7124376305985418e-08 7.2584969146847078e-07
8.8999999999998192e-02 0.0000000000000000e+00 0.0000000000000000e+00 0.0000000000000000e+00 0.0000000000000000e+00 4.2352982301508680e-07 8.7328796097565770e-08 8.7328796097565770e-08 7.5372829774823675e-07
8.9999999999997804e-02 0.0000000000000000e+00 0.0000000000000000e+00 0.0000000000000000e+00 0.0000000000000000e+00 4.2555152399954278e-07 8.7481711099129483e-08 8.7481711099129483e-08 7.8016428504597451e-07
9.0999999999997416e-02 0.0000000000000000e+00 0.0000000000000000e+00 0.0000000000000000e+00 0.0000000000000000e+00 4.2737962437365166e-07 8.7597585620719764e-08 8.7597585620719764e-08 8.0533631541650279e-07
9.1999999999997029e-02 0.0000000000000000e+00 0.0000000000000000e+00 0.0000000000000000e+00 0.0000000000000000e+00 4.2905626204380002e-07 8.7686335815921129e-08 8.7686335815921129e-08 8.2937917560471281e-07
9.2999999999996641e-02 0.0000000000000000e+00 0.0000000000000000e+00 0.0000000000000000e+00 0.0000000000000000e+00 4.3061306583037548e-07 8.7754923974765680e-08 8.7754923974765680e-08 8.5239785032540181e-07
9.3999999999996253e-02 0.0000000000000000e+00 0.0000000000000000e+00 0.0000000000000000e+00 0.0000000000000000e+00 4.3207443361718364e-07 8.7808340423519892e-08 8.7808340423519892e-08 8.7447642090343609e-07
9.4999999999995866e-02 0.0000000000000000e+00 0.0000000000000000e+00 0.0000000000000000e+00 0.0000000000000000e+00 4.3345962590228086e-07 8.7850226229127251e-08 8.7850226229127251e-08 8.9568388488018057e-07
9.5999999999995478e-02 0.0000000000000000e+00 0.0000000000000000e+00 0.0000000000000000e+00 0.0000000000000000e+00 4.3478414661235790e-07 8.7883278875728765e-08 8.7883278875728765e-08 9.1607807978900156e-07
9.6999999999995090e-02 0.0000000000000000e+00 0.0000000000000000e+00 0.0000000000000000e+00 0.0000000000000000e+00 4.3606068094057252e-07 8.7909523090290127e-08 8.7909523090290127e-08 9.3570840144079010e-07
9.7999999999994702e-02 0.0000000000000000e+00 0.0000000000000000e+00 0.0000000000000000e+00 0.0000000000000000e+00 4.3729974944015566e-07 8.7930495677377452e-08 8.7930495677377452e-08 9.5461773257606911e-07
9.8999999999994315e-02 0.0000000000000000e+00 0.0000000000000000e+00 0.0000000000000000e+00 0.0000000000000000e+00 4.3851017529022051e-07 8.7947374190704273e-08 8.7947374190704273e-08 9.7284384020097723e-07
9.9999999999993927e-02 0.0000000000000000e+00 0.0000000000000000e+00 0.0000000000000000e+00 0.0000000000000000e+00 4.3969942544623891e-07 8.7961068124531311e-08 8.7961068124531311e-08 9.9042040672992872e-07
1.0099999999999354e-01 0.0000000000000000e+00 0.0000000000000000e+00 0.0000000000000000e+00 0.0000000000000000e+00 4.4087386473463590e-07 8.7972284586636768e-08 8.7972284586636768e-08 1.0073778033444618e-06
1.0199999999999315e-01 0.0000000000000000e+00 0.0000000000000000e+00 0.0000000000000000e+00 0.0000000000000000e+00 4.4203894863824298e-07 8.7981576282789054e-08 8.7981576282789054e-08 1.0237436784407509e-06
1.0299999999999276e-01 0.0000000000000000e+00 0.0000000000000000e+00 0.0000000000000000e+00 0.0000000000000000e+00 4.4319937211976389e-07 8.7989377038675815e-08 8.7989377038675815e-08 1.0395434112720547e-06
1.0399999999999238e-01 0.0000000000000000e+00 0.0000000000000000e+00 0.0000000000000000e+00 0.0000000000000000e+00 4.4435918640234817e-07 8.7996028411303991e-08 8.7996028411303991e-08 1.0548004658600187e-06
1.0499999999999199e-01 0.0000000000000000e+00 0.0000000000000000e+00 0.0000000000000000e+00 0.0000000000000000e+00 4.4552189204090774e-07 8.8001799840933445e-08 8.8001799840933445e-08 1.0695366701978010e-06
1.0599999999999160e-01 0.0000000000000000e+00 0.0000000000000000e+00 0.0000000000000000e+00 0.0000000000000000e+00 4.4669051420197098e-07 8.8006904061694595e-08 8.8006904061694595e-08 1.0837724388067462e-06
1.0699999999999121e-01 0.0000000000000000e+00 0.0000000000000000e+00 0.0000000000000000e+00 0.0000000000000000e+00 4.4786766441291141e-07 8.8011508985447167e-08 8.8011508985447167e-08 1.0975269519496316e-06
1.0799999999999083e-01 0.0000000000000000e+00 0.0000000000000000e+00 0.0000000000000000e+00 0.0000000000000000e+00 4.4905559188671604e-07 8.8015746949876925e-08 8.8015746949876925e-08 1.1108183013163128e-06
1.0899999999999044e-01 0.0000000000000000e+00 0.0000000000000000e+00 0.0000000000000000e+00 0.0000000000000000e+00 4.5025622671242621e-07 8.8019721956806006e-08 8.8019721956806006e-08 1.1236636095895584e-06
1.0999999999999005e-01 0.0000000000000000e+00 0.0000000000000000e+00 0.0000000000000000e+00 0.0000000000000000e+00 4.5147121661748275e-07 8.8023515383783609e-08 8.8023515383783609e-08 1.1360791294481615e-06
1.1099999999998966e-01 0.0000000000000000e+00 0.0000000000000000e+00 0.0000000000000000e+00 0.0000000000000000e+00 4.5270195858578578e-07 8.8027190510968429e-08 8.8027190510968429e-08 1.1480803263006603e-06
1.1199999999998927e-01 0.0000000000000000e+00 0.0000000000000000e+00 0.0000000000000000e+00 0.0000000000000000e+00 4.5394962630674205e-07 8.8030796132412826e-08 8.8030796132412826e-08 1.1596819480302662e-06
1.1299999999998889e-01 0.0000000000000000e+00 0.0000000000000000e+00 0.0000000000000000e+00 0.0000000000000000e+00 4.5521519420320739e-07 8.8034369438958355e-08 8.8034369438958355e-08 1.1708980842936146e-06
1.1399999999998850e-01 0.0000000000000000e+00 0.0000000000000000e+00 0.0000000000000000e+00 0.0000000000000000e+00 4.5649945861743232e-07 8.8037938344576653e-08 8.8037938344576653e-08 1.1817422173705091e-06
1.1499999999998811e-01 0.0000000000000000e+00 0.0000000000000000e+00 0.0000000000000000e+00 0.0000000000000000e+00 4.5780305660784705e-07 8.8041523363891037e-08 8.8041523363891037e-08 1.1922272661176935e-06
1.1599999999998772e-01 0.0000000000000000e+00 0.0000000000000000e+00 0.0000000000000000e+00 0.0000000000000000e+00 4.5912648271444805e-07 8.8045139114988872e-08 8.8045139114988872e-08 1.2023656242591704e-06
1.1699999999998734e-01 0.0000000000000000e+00 0.0000000000000000e+00 0.0000000000000000e+00 0.0000000000000000e+00 4.6047010397849150e-07 8.8048795547532335e-08 8.8048795547532335e-08 1.2121691940257408e-06
1.1799999999998695e-01 0.0000000000000000e+00 0.0000000000000000e+00 0.0000000000000000e+00 0.0000000000000000e+00 4.6183417344719602e-07 8.8052498937101262e-08 8.8052498937101262e-08 1.2216494158872222e-06
1.1899999999998656e-01 0.0000000000000000e+00 0.0000000000000000e+00 0.0000000000000000e+00 0.0000000000000000e+00 4.6321884235193099e-07 8.8056252689246226e-08 8.8056252689246226e-08 1.2308172950437076e-06
1.1999999999998617e-01 0.0000000000000000e+00 0.0000000000000000e+00 0.0000000000000000e+00 0.0000000000000000e+00 4.6462417111566762e-07 8.8060057994872639e-08 8.8060057994872639e-08 1.2396834251780854e-06
1.2099999999998579e-01 0.0000000000000000e+00 0.0000000000000000e+00 0.0000000000000000e+00 0.0000000000000000e+00 4.6605013931998935e-07 8.8063914357708889e-08 8.8063914357708889e-08 1.2482580098864374e-06
1.2199999999998540e-01 0.0000000000000000e+00 0.0000000000000000e+00 0.0000000000000000e+00 0.0000000000000000e+00 4.6749665474189325e-07 8.8067820016411436e-08 8.8067820016411436e-08 1.2565508823042418e-06
1.2299999999998501e-01 0.0000000000000000e+00 0.0000000000000000e+00 0.0000000000000000e+00 0.0000000000000000e+00 4.6896356153256555e-07 8.8071771823197731e-08 8.8071771823197731e-08 1.2868026292433689e-06
1.2399999999998462e-01 0.0000000000000000e+00 0.0000000000000000e+00 0.0000000000000000e+00 0.0000000000000000e+00 4.7045064773564647e-07 8.8075767141236950e-08 8.8075767141236950e-08 1.2972963973034345e-06
1.2499999999998423e-01 0.0000000000000000e+00 0.0000000000000000e+00 0.0000000000000000e+00 0.0000000000000000e+00 4.7195765196896371e-07 8.8079801624994720e-08 8.8079801624994720e-08 1.3048728361462840e-06
1.2599999999998523e-01 0.0000000000000000e+00 0.0000000000000000e+00 0.0000000000000000e+00 0.0000000000000000e+00 4.7348426960389871e-07 8.8083870394843430e-08 8.8083870394843430e-08 1.3121911840071366e-06
1.2699999999998624e-01 0.0000000000000000e+00 0.0000000000000000e+00 0.0000000000000000e+00 0.0000000000000000e+00 4.7503015834104112e-07 8.8087967902569510e-08 8.8087967902569510e-08 1.3192637973781304e-06
1.2799999999998724e-01 0.0000000000000000e+00 0.0000000000000000e+00 0.0000000000000000e+00 0.0000000000000000e+00 4.7659494327380419e-07 8.8092088082743982e-08 8.8092088082743982e-08 1.3261010374736993e-06
1.2899999999998824e-01 0.0000000000000000e+00 0.0000000000000000e+00 0.0000000000000000e+00 0.0000000000000000e+00 4.7817822148242138e-07 8.8096224567300279e-08 8.8096224567300279e-08 1.3327120651762148e-06
1.2999999999998924e-01 0.0000000000000000e+00 0.0000000000000000e+00 0.0000000000000000e+00 0.0000000000000000e+00 4.7977956619812465e-07 8.8100370877389225e-08 8.8100370877389225e-08 1.3391052508540798e-06
1.3099999999999024e-01 0.0000000000000000e+00 0.0000000000000000e+00 0.0000000000000000e+00 0.0000000000000000e+00 4.8139853057427693e-07 8.8104520586921583e-08 8.8104520586921583e-08 1.3452883956411516e-06
1.3199999999999124e-01 0.0000000000000000e+00 0.0000000000000000e+00 0.0000000000000000e+00 0.0000000000000000e+00 4.8303465109791827e-07 8.8108667464633221e-08 8.8108667464633221e-08 1.3512688575312532e-06
1.3299999999999224e-01 0.0000000000000000e+00 0.0000000000000000e+00 0.0000000000000000e+00 0.0000000000000000e+00 4.8468745067226516e-07 8.8112805569751878e-08 8.8112805569751878e-08 1.3570536277971219e-06
1.3399999999999324e-01 0.0000000000000000e+00 0.0000000000000000e+00 0.0000000000000000e+00 0.0000000000000000e+00 4.8635644139810250e-07 8.8116929320676617e-08 8.8116929320676617e-08 1.3626493805446187e-06
1.3499999999999424e-01 0.0000000000000000e+00 0.0000000000000000e+00 0.0000000000000000e+00 0.0000000000000000e+00 4.8804112707965565e-07 8.8121033536947512e-08 8.8121033536947512e-08 1.3680625071117214e-06
1.3599999999999524e-01 0.0000000000000000e+00 0.0000000000000000e+00 0.0000000000000000e+00 0.0000000000000000e+00 4.8974100547841769e-07 8.8125113458855194e-08 8.8125113458855194e-08 1.3732991415015805e-06
1.3699999999999624e-01 0.0000000000000000e+00 0.0000000000000000e+00 0.0000000000000000e+00 0.0000000000000000e+00 4.9145557033648326e-07 8.8129164745394930e-08 8.8129164745394930e-08 1.3783651802207712e-06
1.3799999999999724e-01 0.0000000000000000e+00 0.0000000000000000e+00 0.0000000000000000e+00 0.0000000000000000e+00 4.9318431318918370e-07 8.8133183465744416e-08 8.8133183465744416e-08 1.3832662984070649e-06
1.3899999999999824e-01 0.0000000000000000e+00 0.0000000000000000e+00 0.0000000000000000e+00 0.0000000000000000e+00 4.9492672498522126e-07 8.8137166079966114e-08 8.8137166079966114e-08 1.3880079633507905e-06
1.3999999999999924e-01 0.0000000000000000e+00 0.0000000000000000e+00 0.0000000000000000e+00 0.0000000000000000e+00 4.9668229753101861e-07 8.8141109404213499e-08 8.8141109404213499e-08 1.3925954461066813e-06
1.4100000000000024e-01 0.0000000000000000e+00 0.0000000000000000e+00 0.0000000000000000e+00 0.0000000000000000e+00 4.9845052477466326e-07 8.8145010590931314e-08 8.8145010590931314e-08 1.3970338316356768e-06
1.4200000000000124e-01 0.0000000000000000e+00 0.0000000000000000e+00 0.0000000000000000e+00 0.0000000000000000e+00 5.0023090394356365e-07 8.8148867095742488e-08 8.8148867095742488e-08 1.4013280277813874e-06
1.4300000000000224e-01 0.0000000000000000e+00 0.0000000000000000e+00 0.0000000000000000e+00 0.0000000000000000e+00 5.0202293654881096e-07 8.8152676647523347e-08 8.8152676647523347e-08 1.4054827733119622e-06
1.4400000000000324e-01 0.0000000000000000e+00 0.0000000000000000e+00 0.0000000000000000e+00 0.0000000000000000e+00 5.0382612926816986e-07 8.8156437220298972e-08 8.8156437220298972e-08 1.4095026451880826e-06
1.4500000000000424e-01 0.0000000000000000e+00 0.0000000000000000e+00 0.0000000000000000e+00 0.0000000000000000e+00 5.0563999471865081e-07 8.8160147007620180e-08 8.8160147007620180e-08 1.4133920651861353e-06
1.4600000000000524e-01 0.0000000000000000e+00 0.0000000000000000e+00 0.0000000000000000e+00 0.0000000000000000e+00 5.0746405212872429e-07 8.8163804395981945e-08 8.8163804395981945e-08 1.4171553060044775e-06
1.4700000000000624e-01 0.0000000000000000e+00 0.0000000000000000e+00 0.0000000000000000e+00 0.0000000000000000e+00 5.0929782791941021e-07 8.8167407947501172e-08 8.8167407947501172e-08 1.4207964969147183e-06
1.4800000000000724e-01 0.0000000000000000e+00 0.0000000000000000e+00 0.0000000000000000e+00 0.0000000000000000e+00 5.1114085620270233e-07 8.8170956381006896e-08 8.8170956381006896e-08 1.4243196290404179e-06
1.4900000000000824e-01 0.0000000000000000e+00 0.0000000000000000e+00 0.0000000000000000e+00 0.0000000000000000e+00 5.1299267920509613e-07 8.8174448550234895e-08 8.8174448550234895e-08 1.4277285602976287e-06
1.5000000000000924e-01 0.0000000000000000e+00 0.0000000000000000e+00 0.0000000000000000e+00 0.0000000000000000e+00 5.1485284762333312e-07 8.8177883431574930e-08 8.8177883431574930e-08 1.4310270200762606e-06
1.5100000000001024e-01 0.0000000000000000e+00 0.0000000000000000e+00 0.0000000000000000e+00 0.0000000000000000e+00 5.1672092091887800e-07 8.8181260110430839e-08 8.8181260110430839e-08 1.4342186136660195e-06
1.5200000000001124e-01 0.0000000000000000e+00 0.0000000000000000e+00 0.0000000000000000e+00 0.0000000000000000e+00 5.1859646755709610e-07 8.8184577770727646e-08 8.8184577770727646e-08 1.4373068264883386e-06
1.5300000000001224e-01 0.0000000000000000e+00 0.0000000000000000e+00 0.0000000000000000e+00 0.0000000000000000e+00 5.2047906519659032e-07 8.8187835683729712e-08 8.8187835683729712e-08 1.4402950281330184e-06
1.5400000000001324e-01 0.0000000000000000e+00 0.0000000000000000e+00 0.0000000000000000e+00 0.0000000000000000e+00 5.2236830083368706e-07 8.8191033198160062e-08 8.8191033198160062e-08 1.4431864762350041e-06
1.5500000000001424e-01 0.0000000000000000e+00 0.0000000000000000e+00 0.0000000000000000e+00 0.0000000000000000e+00 5.2426377090663768e-07 8.8194169736076217e-08 8.8194169736076217e-08 1.4459843202078313e-06
1.5600000000001524e-01 0.0000000000000000e+00 0.0000000000000000e+00 0.0000000000000000e+00 0.0000000000000000e+00 5.2616508136370145e-07 8.8197244787487978e-08 8.8197244787487978e-08 1.4486916048349583e-06
1.5700000000001624e-01 0.0000000000000000e+00 0.0000000000000000e+00 0.0000000000000000e+00 0.0000000000000000e+00 5.2807184769891602e-07 8.8200257903474261e-08 8.8200257903474261e-08 1.4513112737538925e-06
1.5800000000001724e-01 0.0000000000000000e+00 0.0000000000000000e+00 0.0000000000000000e+00 0.0000000000000000e+00 5.2998369495902483e-07 8.8203208691451920e-08 8.8203208691451920e-08 1.4538461728268305e-06
1.5900000000001824e-01 0.0000000000000000e+00 0.0000000000000000e+00 0.0000000000000000e+00 0.0000000000000000e+00 5.3190025772472967e-07 8.8206096815721005e-08 8.8206096815721005e-08 1.4562990534132146e-06
1.6000000000001924e-01 -4.5595912429324397e+00 8.5017975039202012e-02 8.5017975039202012e-02 -1.1222445162802989e+01 5.3398894371840020e-07 8.8274518885949770e-08 8.8274518885949770e-08 1.4470996305631518e-06
1.6100000000002024e-01 -7.2541307664551383e+01 1.8944435782276642e+01 1.8944435782276642e+01 -1.6497806581538151e+02 6.0465480212305796e-07 1.0860235761154226e-07 1.0860235761154226e-07 1.2548776388513507e-06
1.6200000000002124e-01 -3.0452688019549523e+00 -4.1321313367819731e-04 -4.1321313367819731e-04 -6.5725882716432897e+00 7.6023080209561019e-07 1.3912492025625714e-07 1.3912492025625714e-07 1.5667473974330730e-06
1.6300000000002224e-01 0.0000000000000000e+00 0.0000000000000000e+00 0.0000000000000000e+00 0.0000000000000000e+00 8.5364500835811322e-07 1.5077409651357429e-07 1.5077409651357429e-07 1.5837516262682404e-06
1.6400000000002324e-01 0.0000000000000000e+00 0.0000000000000000e+00 0.0000000000000000e+00 0.0000000000000000e+00 9.1684166355045452e-07 1.6521009714701039e-07 1.6521009714701039e-07 1.8047197088541217e-06
1.6500000000002424e-01 0.0000000000000000e+00 0.0000000000000000e+00 0.0000000000000000e+00 0.0000000000000000e+00 9.5614995462639695e-07 1.7360661119409285e-07 1.7360661119409285e-07 1.9578225487748981e-06
1.6600000000002524e-01 0.0000000000000000e+00 0.0000000000000000e+00 0.0000000000000000e+00 0.0000000000000000e+00 9.8247656542916653e-07 1.7871485077882729e-07 1.7871485077882729e-07 2.0731032685955104e-06
1.6700000000002624e-01 0.0000000000000000e+00 0.0000000000000000e+00 0.0000000000000000e+00 0.0000000000000000e+00 1.0013615199902515e-06 1.8195737296659656e-07 1.8195737296659656e-07 2.1659215582949855e-06
1.6800000000002724e-01 0.0000000000000000e+00 0.0000000000000000e+00 0.0000000000000000e+00 0.0000000000000000e+00 1.0157391840123441e-06 1.8409647274451120e-07 1.8409647274451120e-07 2.2444894420098280e-06
1.6900000000002824e-01 0.0000000000000000e+00 0.0000000000000000e+00 0.0000000000000000e+00 0.0000000000000000e+00 1.0272361639650334e-06 1.8555619828076419e-07 1.8555619828076419e-07 2.3134169469336904e-06
1.7000000000002924e-01 0.0000000000000000e+00 0.0000000000000000e+00 0.0000000000000000e+00 0.0000000000000000e+00 1.0367980779537439e-06 1.8658157327440816e-07 1.8658157327440816e-07 2.3754271658324597e-06
1.7100000000003024e-01 0.0000000000000000e+00 0.0000000000000000e+00 0.0000000000000000e+00 0.0000000000000000e+00 1.0450015400425461e-06 1.8731957751333470e-07 1.8731957751333470e-07 2.4322122044364295e-06
1.7200000000003124e-01 0.0000000000000000e+00 0.0000000000000000e+00 0.0000000000000000e+00 0.0000000000000000e+00 1.0522147277509697e-06 1.8786159196872116e-07 1.8786159196872116e-07 2.4848754574518670e-06
1.7300000000003224e-01 0.0000000000000000e+00 0.0000000000000000e+00 0.0000000000000000e+00 0.0000000000000000e+00 1.0586830398343132e-06 1.8826635717388017e-07 1.8826635717388017e-07 2.5341688964941955e-06
1.7400000000003324e-01 0.0000000000000000e+00 0.0000000000000000e+00 0.0000000000000000e+00 0.0000000000000000e+00 1.0645765364361709e-06 1.8857279747346715e-07 1.8857279747346715e-07 2.5806255186570146e-06
1.7500000000003424e-01 0.0000000000000000e+00 0.0000000000000000e+00 0.0000000000000000e+00 0.0000000000000000e+00 1.0700172283282540e-06 1.8880741860752240e-07 1.8880741860752240e-07 2.6246363169730738e-06
1.7600000000003524e-01 0.0000000000000000e+00 0.0000000000000000e+00 0.0000000000000000e+00 0.0000000000000000e+00 1.0750953694970922e-06 1.8898871113865218e-07 1.8898871113865218e-07 2.6664968202715669e-06
1.7700000000003624e-01 0.0000000000000000e+00 0.0000000000000000e+00 0.0000000000000000e+00 0.0000000000000000e+00 1.0798795352838945e-06 1.8912985156778245e-07 1.8912985156778245e-07 2.7064363153268287e-06
1.7800000000003724e-01 0.0000000000000000e+00 0.0000000000000000e+00 0.0000000000000000e+00 0.0000000000000000e+00 1.0844230651547845e-06 1.8924040662433217e-07 1.8924040662433217e-07 2.7446368449507371e-06
1.7900000000003824e-01 0.0000000000000000e+00 0.0000000000000000e+00 0.0000000000000000e+00 0.0000000000000000e+00 1.0887683068899323e-06 1.8932743704288942e-07 1.8932743704288942e-07 2.7812459513107350e-06
1.8000000000003924e-01 0.0000000000000000e+00 0.0000000000000000e+00 0.0000000000000000e+00 0.0000000000000000e+00 1.0929494888877199e-06 1.8939622968282054e-07 1.8939622968282054e-07 2.8163854620379710e-06
1.8100000000004024e-01 0.0000000000000000e+00 0.0000000000000000e+00 0.0000000000000000e+00 0.0000000000000000e+00 1.0969947114262666e-06 1.8945079375556796e-07 1.8945079375556796e-07 2.8501576941738559e-06
1.8200000000004124e-01 0.0000000000000000e+00 0.0000000000000000e+00 0.0000000000000000e+00 0.0000000000000000e+00 1.1009273571666065e-06 1.8949420383076866e-07 1.8949420383076866e-07 2.8826499256301441e-06
1.8300000000004224e-01 0.0000000000000000e+00 0.0000000000000000e+00 0.0000000000000000e+00 0.0000000000000000e+00 1.1047671098129092e-06 1.8952884115969849e-07 1.8952884115969849e-07 2.9139376752381409e-06
1.8400000000004324e-01 0.0000000000000000e+00 0.0000000000000000e+00 0.0000000000000000e+00 0.0000000000000000e+00 1.1085307028748760e-06 1.8955656618501277e-07 1.8955656618501277e-07 2.9440871455925145e-06
1.8500000000004424e-01 0.0000000000000000e+00 0.0000000000000000e+00 0.0000000000000000e+00 0.0000000000000000e+00 1.1122324791028221e-06 1.8957884367656158e-07 1.8957884367656158e-07 2.9731570665158105e-06
1.8600000000004524e-01 0.0000000000000000e+00 0.0000000000000000e+00 0.0000000000000000e+00 0.0000000000000000e+00 1.1158848149511697e-06 1.8959683470413415e-07 1.8959683470413415e-07 3.0012001024119158e-06
1.8700000000004624e-01 0.0000000000000000e+00 0.0000000000000000e+00 0.0000000000000000e+00 0.0000000000000000e+00 1.1194984474250124e-06 1.8961146504813782e-07 1.8961146504813782e-07 3.0282639378285179e-06
1.8800000000004724e-01 0.0000000000000000e+00 0.0000000000000000e+00 0.0000000000000000e+00 0.0000000000000000e+00 1.1230827294012272e-06 1.8962347663372378e-07 1.8962347663372378e-07 3.0552086838135042e-06
1.8900000000004824e-01 0.0000000000000000e+00 0.0000000000000000e+00 0.0000000000000000e+00 0.0000000000000000e+00 1.1266458318773216e-06 1.8963346598623189e-07 1.8963346598623189e-07 3.1041737811923133e-06
1.9000000000004924e-01 0.0000000000000000e+00 0.0000000000000000e+00 0.0000000000000000e+00 0.0000000000000000e+00 1.1301949066149200e-06 1.8964191629133964e-07 1.8964191629133964e-07 3.1286300216656183e-06
1.9100000000005024e-01 0.0000000000000000e+00 0.0000000000000000e+00 0.0000000000000000e+00 0.0000000000000000e+00 1.1337362183261512e-06 1.8964921252620549e-07 1.8964921252620549e-07 3.1522464690337157e-06
1.9200000000005124e-01 0.0000000000000000e+00 0.0000000000000000e+00 0.0000000000000000e+00 0.0000000000000000e+00 1.1372752540335729e-06 1.8965566038298687e-07 1.8965566038298687e-07 3.1750611451831928e-06
1.9300000000005224e-01 0.0000000000000000e+00 0.0000000000000000e+00 0.0000000000000000e+00 0.0000000000000000e+00 1.1408168144260690e-06 1.8966150145305660e-07 1.8966150145305660e-07 3.1971076114849654e-06
1.9400000000005324e-01 0.0000000000000000e+00 0.0000000000000000e+00 0.0000000000000000e+00 0.0000000000000000e+00 1.1443650912010847e-06 1.8966692595843548e-07 1.8966692595843548e-07 3.2184163763865436e-06
1.9500000000005424e-01 0.0000000000000000e+00 0.0000000000000000e+00 0.0000000000000000e+00 0.0000000000000000e+00 1.1479237332865505e-06 1.8967208288974340e-07 1.8967208288974340e-07 3.2390156748064090e-06
1.9600000000005524e-01 0.0000000000000000e+00 0.0000000000000000e+00 0.0000000000000000e+00 0.0000000000000000e+00 1.1514959041434572e-06 1.8967708810720294e-07 1.8967708810720294e-07 3.2589319321158784e-06
1.9700000000005624e-01 0.0000000000000000e+00 0.0000000000000000e+00 0.0000000000000000e+00 0.0000000000000000e+00 1.1550843318249637e-06 1.8968203082782721e-07 1.8968203082782721e-07 3.2781900617241607e-06
1.9800000000005724e-01 0.0000000000000000e+00 0.0000000000000000e+00 0.0000000000000000e+00 0.0000000000000000e+00 1.1586913530779269e-06 1.8968697883065776e-07 1.8968697883065776e-07 3.2968136698415385e-06
1.9900000000005824e-01 0.0000000000000000e+00 0.0000000000000000e+00 0.0000000000000000e+00 0.0000000000000000e+00 1.1623189524816505e-06 1.8969198263739916e-07 1.8969198263739916e-07 3.3148252052970814e-06
2.0000000000005924e-01 0.0000000000000000e+00 0.0000000000000000e+00 0.0000000000000000e+00 0.0000000000000000e+00 1.1659687974003693e-06 1.8969707888904512e-07 1.8969707888904512e-07 3.3322460748006948e-06
2.0100000000006024e-01 0.0000000000000000e+00 0.0000000000000000e+00 0.0000000000000000e+00 0.0000000000000000e+00 1.1696422693614714e-06 1.8970229305087102e-07 1.8970229305087102e-07 3.3490967350823731e-06
2.0200000000006124e-01 0.0000000000000000e+00 0.0000000000000000e+00 0.0000000000000000e+00 0.0000000000000000e+00 1.1733404923470400e-06 1.8970764159772419e-07 1.8970764159772419e-07 3.3653967687232303e-06
2.0300000000006224e-01 0.0000000000000000e+00 0.0000000000000000e+00 0.0000000000000000e+00 0.0000000000000000e+00 1.1770643583916238e-06 1.8971313377558001e-07 1.8971313377558001e-07 3.3811649479170473e-06
2.0400000000006324e-01 0.0000000000000000e+00 0.0000000000000000e+00 0.0000000000000000e+00 0.0000000000000000e+00 1.1808145508067509e-06 1.8971877302808886e-07 1.8971877302808886e-07 3.3964192889942556e-06
2.0500000000006424e-01 0.0000000000000000e+00 0.0000000000000000e+00 0.0000000000000000e+00 0.0000000000000000e+00 1.1845915652970774e-06 1.8972455814532687e-07 1.8972455814532687e-07 3.4111770996486439e-06
2.0600000000006524e-01 0.0000000000000000e+00 0.0000000000000000e+00 0.0000000000000000e+00 0.0000000000000000e+00 1.1883957291899010e-06 1.8973048419358925e-07 1.8973048419358925e-07 3.4254550203137659e-06
2.0700000000006624e-01 0.0000000000000000e+00 0.0000000000000000e+00 0.0000000000000000e+00 0.0000000000000000e+00 1.1922272189661373e-06 1.8973654327680291e-07 1.8973654327680291e-07 3.4392690607678657e-06
2.0800000000006724e-01 0.0000000000000000e+00 0.0000000000000000e+00 0.0000000000000000e+00 0.0000000000000000e+00 1.1960860762542958e-06 1.8974272515959974e-07 1.8974272515959974e-07 3.4526346328246438e-06
2.0900000000006824e-01 0.0000000000000000e+00 0.0000000000000000e+00 0.0000000000000000e+00 0.0000000000000000e+00 1.1999722224278933e-06 1.8974901777822404e-07 1.8974901777822404e-07 3.4655665797918766e-06
2.1000000000006924e-01 0.0000000000000000e+00 0.0000000000000000e+00 0.0000000000000000e+00 0.0000000000000000e+00 1.2038854719296830e-06 1.8975540765153569e-07 1.8975540765153569e-07 3.4780792032714328e-06
2.1100000000007024e-01 0.0000000000000000e+00 0.0000000000000000e+00 0.0000000000000000e+00 0.0000000000000000e+00 1.2078255444321755e-06 1.8976188023800825e-07 1.8976188023800825e-07 3.4901862877408434e-06
2.1200000000007124e-01 0.0000000000000000e+00 0.0000000000000000e+00 0.0000000000000000e+00 0.0000000000000000e+00 1.2117920759324420e-06 1.8976842024492381e-07 1.8976842024492381e-07 3.5019011233419563e-06
2.1300000000007224e-01 0.0000000000000000e+00 0.0000000000000000e+00 0.0000000000000000e+00 0.0000000000000000e+00 1.2157846288694918e-06 1.8977501188468433e-07 1.8977501188468433e-07 3.5132365272162142e-06
2.1400000000007324e-01 0.0000000000000000e+00 0.0000000000000000e+00 0.0000000000000000e+00 0.0000000000000000e+00 1.2198027013443114e-06 1.8978163910817456e-07 1.8978163910817456e-07 3.5242048636679554e-06
2.1500000000007424e-01 -9.3110282438755632e+01 8.2689664297182830e+00 8.2689664297182830e+00 -2.2747643979332523e+02 1.2433395383686475e-06 1.9673097464125294e-07 1.9673097464125294e-07 3.2926021842290914e-06
2.1600000000007524e-01 -3.0833866377022874e+00 -2.8229374192721189e-03 -2.8229374192721189e-03 -7.1439602622819898e+00 1.4332308123848488e-06 2.4052503213128733e-07 2.4052503213128733e-07 3.5449016738610414e-06
2.1700000000007624e-01 0.0000000000000000e+00 0.0000000000000000e+00 0.0000000000000000e+00 0.0000000000000000e+00 1.5608185095719040e-06 2.6133244365279050e-07 2.6133244365279050e-07 3.6691911308514978e-06
